Visa reported id (193):
1506899998
1506925276
1506956249
1507004056
1507016667
1507079709
1507126516
1507145622
1507193973
1507220584
1507228501
1507241547
1507264011
1507281272
1507344854
1507432295
1507435299
1507471407
1507477577
1507494372
1507494915
1507495016
1507582543
1507599731
1507629122
1507786550
1507821908
1507823432
1507830213
1507838089
1507847822
1507971411
1507982197
1507984723
1507990842
1508037429
1508049268
1508078742
1508101891
1508203913
1508230065
1508276307
1508403961
1508417461
1508431548
1508485939
1508593642
1508656129
1508692854
1508718237
1508802910
1508827001
1508895112
1508896180
1508911371
1508925698
1508950525
1508976230
1509009650
1509046466
1509049684
1509053903
1509071743
1509072434
1509076052
1509078940
1509122844
1509126457
1509219776
1509241761
1509309794
1509402686
1509452298
1509463414
1509471895
1509484704
1509490698
1509554605
1509660628
1509692788
1509693601
1509946500
1509984219
1510153039
1510169443
1510253928
1510287085
1510320482
1510352151
1510360344
1510450242
1510488463
1510503235
1510635261
1510712766
1510796478
1510854252
1510906756
1510952272
1510956290
1511144298
1511195558
1511217546
1511275489
1511277390
1511287508
1511325350
1511355944
1511364857
1511380436
1511385003
1511390835
1511421925
1511473215
1511477086
1511549791
1511551903
1511578910
1511584320
1511626626
1511633771
1511821505
1511821534
1511839937
1511865130
1511885766
1511923995
1511964409
1511981576
1512048777
1512079367
1512140896
1512141136
1512225610
1512287734
1512294722
1512309418
1512312070
1512330353
1512341429
1512390881
1512441669
1512475070
1512618013
1512681283
1512736610
1512804541
1512869401
1513017374
1513050906
1513075074
1513106720
1513137228
1513165532
1513248555
1513281646
1513340677
1513429646
1513435293
1513466792
1513501339
1513581950
1513594629
1513606556
1513606732
1513607354
1513658906
1513683569
1513708985
1513757028
1513819761
1513845960
1513887130
1513943513
1513957680
1513973787
1513993909
1513997166
1514049499
1514051559
1514109276
1514126321
1514258912
1514266295
1514390297
1514444859
1514459787
1514521534
1514523345
1514620304
1514653129
1514673717
1514746084
Mastercard reported id (125):
1506817015
1506827337
1506860561
1506879092
1506901165
1506987179
1507014990
1507046819
1507126208
1507313260
1507483490
1507642396
1507685109
1507703671
1507722968
1507741363
1507780742
1507847345
1507923394
1507926097
1508260545
1508311478
1508429535
1508444441
1508488568
1508491745
1508522242
1508603452
1508663510
1508842096
1508873587
1508932022
1508932803
1508992272
1509017542
1509046072
1509064263
1509132969
1509164565
1509457011
1509480999
1509506816
1509538880
1509585892
1509599432
1509640269
1509666297
1509705583
1509819627
1509878325
1509961580
1510246652
1510282167
1510286693
1510333658
1510407986
1510581877
1510641717
1510689976
1510701927
1510723396
1510785327
1510839953
1510853633
1510951595
1511012835
1511129102
1511153552
1511257492
1511275578
1511293451
1511295317
1511406487
1511497299
1511654331
1511747317
1511752118
1511837823
1511916877
1511992936
1512036631
1512084540
1512152283
1512179838
1512190084
1512230531
1512296279
1512320920
1512391239
1512496765
1512518042
1512532252
1512532448
1512593073
1512758824
1513035062
1513195427
1513201357
1513224274
1513387372
1513404750
1513458426
1513465519
1513469961
1513578083
1513655126
1513759219
1513804532
1513840279
1513954741
1513955023
1514050190
1514114212
1514199375
1514202132
1514238868
1514275613
1514358573
1514452370
1514518183
1514546753
1514555570
1514576003
1514580311
1514641032
